     0.000     0.662
     0.000     0.522     1.634
     0.000     0.408     2.669    15.508
     0.000     0.192     0.407     0.384     1.496
     0.000     0.636     2.593     4.215    -0.188    80.009
     0.000     0.002     0.003     0.004    -0.005    -0.009     0.097
     0.000    -0.001     0.001     0.009     0.009     0.012     0.025     0.223
     0.000    -0.003     0.002    -0.043     0.006     0.158     0.006     0.114     1.996
     0.000    -0.056    -0.048    -0.008    -0.113     0.024     0.001    -0.001    -0.001     0.109
     0.000    -0.033    -0.169    -0.240    -0.036    -0.183    -0.003     0.004    -0.004     0.024
     0.283
     0.000    -0.009    -0.141    -1.009     0.025    -3.982    -0.004    -0.018     0.077     0.000
     0.115     2.930
     0.000     0.000     0.000     0.000     0.000     0.000     0.000     0.000     0.000     0.000
     0.000     0.000     0.000
     0.000     0.000     0.000     0.000     0.000     0.000     0.000     0.000     0.000     0.000
     0.000     0.000     0.000     0.000
     0.000    -0.471    -0.299    -0.191    -0.090    -0.331    -0.005    -0.003    -0.003    -0.004
    -0.014    -0.037     0.000     0.000     0.543
     0.000    -0.295    -1.070    -1.490    -0.259    -1.665     0.002    -0.012    -0.026     0.004
    -0.031    -0.105     0.000     0.000     0.294     1.318
     0.000    -0.202    -1.561   -10.918    -0.203    -0.564     0.004     0.015    -0.139    -0.024
    -0.023    -0.831     0.000     0.000     0.205     1.606    12.511
     0.000     0.000     0.000     0.000     0.000     0.000     0.000     0.000     0.000     0.000
     0.000     0.000     0.000     0.000     0.000     0.000     0.000     0.000
     0.000    -0.135    -0.319    -0.335    -1.224     0.110     0.000    -0.010    -0.005     0.044
    -0.001    -0.041     0.000     0.000     0.075     0.222     0.211     0.000     1.203
     0.000    -0.421    -1.313    -2.131    -0.336    -2.126    -0.007    -0.019    -0.006     0.003
    -0.022    -0.041     0.000     0.000     0.272     0.943     1.368     0.000     0.436     1.868
     0.000    -0.546    -2.132    -3.040     0.161   -66.729     0.001    -0.038    -0.347    -0.052
    -0.059     1.739     0.000     0.000     0.333     1.560     0.900     0.000     0.077     2.953
    64.066
     0.000     0.753
     0.000     0.830     1.834
     0.000     0.964     3.478    12.069
     0.000     0.342     0.848     1.463     0.954
     0.000     1.609     3.775     7.092     0.390    21.132
     0.000     0.011     0.011     0.010    -0.005     0.021     0.755
     0.000     0.003     0.009     0.019     0.003     0.021     0.350     0.571
     0.000    -0.000    -0.002    -0.006    -0.000     0.021     0.160     0.447     1.422
     0.000    -0.090    -0.137    -0.196    -0.108    -0.128     0.007     0.004     0.001     1.200
     0.000    -0.096    -0.229    -0.430    -0.107    -0.458    -0.003     0.003     0.005     0.186
     0.706
     0.000    -0.122    -0.362    -1.004    -0.044    -1.798    -0.016    -0.012     0.037     0.040
     0.283     1.962
     0.000     0.000     0.000     0.000     0.000     0.000     0.000     0.000     0.000     0.000
     0.000     0.000     0.000
     0.000     0.000     0.000     0.000     0.000     0.000     0.000     0.000     0.000     0.000
     0.000     0.000     0.000     0.000
     0.000    -0.497    -0.516    -0.551    -0.233    -0.952    -0.011    -0.008    -0.010     0.034
     0.013    -0.007     0.000     0.000     0.473
     0.000    -0.503    -1.165    -2.184    -0.557    -2.267    -0.002    -0.012    -0.025     0.052
     0.040    -0.022     0.000     0.000     0.509     1.252
     0.000    -0.532    -2.159    -8.190    -0.944    -4.006     0.017     0.003    -0.073     0.073
     0.064    -0.146     0.000     0.000     0.569     2.387     9.136
     0.000     0.000     0.000     0.000     0.000     0.000     0.000     0.000     0.000     0.000
     0.000     0.000     0.000     0.000     0.000     0.000     0.000     0.000
     0.000    -0.272    -0.664    -1.147    -0.732    -0.355     0.002    -0.008    -0.008     0.038
     0.027    -0.042     0.000     0.000     0.183     0.443     0.771     0.000     0.708
     0.000    -0.656    -1.450    -2.716    -0.663    -3.082    -0.014    -0.023    -0.029     0.036
     0.045     0.031     0.000     0.000     0.419     0.950     1.777     0.000     0.765     1.728
     0.000    -1.295    -3.011    -5.522    -0.316   -16.849    -0.030    -0.052    -0.129    -0.008
     0.078     0.590     0.000     0.000     0.811     1.918     3.385     0.000     0.694     3.718
    17.162
     0.000     0.660
     0.000     0.647     1.457
     0.000     0.685     2.642    10.043
     0.000     0.329     0.911     1.483     1.647
     0.000     0.920     2.186     3.904     0.218    10.423
     0.000     0.027     0.024     0.014    -0.016     0.044     9.379
     0.000     0.009     0.014     0.022     0.001     0.021     3.141     1.789
     0.000     0.002     0.000    -0.000    -0.001     0.018     1.045     0.845     0.958
     0.000    -0.128    -0.154    -0.193    -0.132    -0.152     0.015     0.004     0.001     1.337
     0.000    -0.111    -0.222    -0.356    -0.110    -0.411    -0.013    -0.001     0.004     0.281
     0.622
     0.000    -0.113    -0.299    -0.708    -0.038    -1.326    -0.034    -0.016     0.020     0.074
     0.318     1.411
     0.000     0.000     0.000     0.000     0.000     0.000     0.000     0.000     0.000     0.000
     0.000     0.000     0.000
     0.000     0.000     0.000     0.000     0.000     0.000     0.000     0.000     0.000     0.000
     0.000     0.000     0.000     0.000
     0.000    -0.473    -0.453    -0.467    -0.259    -0.597    -0.020    -0.010    -0.009     0.061
     0.034     0.014     0.000     0.000     0.476
     0.000    -0.444    -1.029    -1.887    -0.666    -1.426     0.006    -0.007    -0.015     0.072
     0.068     0.032     0.000     0.000     0.512     1.225
     0.000    -0.449    -1.853    -7.369    -1.089    -2.455     0.051     0.015    -0.036     0.096
     0.101     0.000     0.000     0.000     0.591     2.330     8.661
     0.000     0.000     0.000     0.000     0.000     0.000     0.000     0.000     0.000     0.000
     0.000     0.000     0.000     0.000     0.000     0.000     0.000     0.000
     0.000    -0.273    -0.729    -1.201    -1.280    -0.209     0.015    -0.005    -0.006     0.041
     0.019    -0.044     0.000     0.000     0.208     0.535     0.903     0.000     1.259
     0.000    -0.518    -1.172    -2.116    -0.734    -1.787    -0.019    -0.023    -0.022     0.048
     0.049     0.037     0.000     0.000     0.368     0.843     1.540     0.000     0.894     1.469
     0.000    -0.739    -1.757    -3.085    -0.189    -8.309    -0.043    -0.041    -0.083     0.032
     0.112     0.511     0.000     0.000     0.507     1.207     2.075     0.000     0.536     2.272
     8.530
     0.000     0.545
     0.000     0.492     1.158
     0.000     0.482     2.073     8.902
     0.000     0.265     0.769     1.211     2.020
     0.000     0.582     1.477     2.564     0.098     7.823
     0.000     0.027     0.021    -0.001    -0.029     0.038    21.259
     0.000     0.005     0.008     0.015     0.001     0.010     3.158     1.054
     0.000     0.001     0.001     0.001     0.002     0.012     0.463     0.250     0.285
     0.000    -0.122    -0.135    -0.161    -0.141    -0.121     0.011     0.001    -0.000     0.740
     0.000    -0.102    -0.202    -0.309    -0.098    -0.359    -0.020    -0.001     0.002     0.243
     0.491
     0.000    -0.093    -0.256    -0.615    -0.036    -1.164    -0.036    -0.012     0.015     0.092
     0.343     1.327
     0.000     0.000     0.000     0.000     0.000     0.000     0.000     0.000     0.000     0.000
     0.000     0.000     0.000
     0.000     0.000     0.000     0.000     0.000     0.000     0.000     0.000     0.000     0.000
     0.000     0.000     0.000     0.000
     0.000    -0.410    -0.374    -0.376    -0.229    -0.408    -0.017    -0.007    -0.006     0.063
     0.040     0.021     0.000     0.000     0.437
     0.000    -0.371    -0.882    -1.624    -0.602    -1.036     0.017    -0.004    -0.013     0.072
     0.078     0.054     0.000     0.000     0.477     1.155
     0.000    -0.365    -1.590    -6.882    -0.971    -1.752     0.067     0.010    -0.036     0.094
     0.119     0.059     0.000     0.000     0.569     2.237     8.511
     0.000     0.000     0.000     0.000     0.000     0.000     0.000     0.000     0.000     0.000
     0.000     0.000     0.000     0.000     0.000     0.000     0.000     0.000
     0.000    -0.224    -0.623    -0.994    -1.589    -0.099     0.031    -0.004    -0.006     0.048
     0.017    -0.030     0.000     0.000     0.184     0.486     0.808     0.000     1.544
     0.000    -0.397    -0.941    -1.680    -0.635    -1.212    -0.012    -0.015    -0.015     0.045
     0.049     0.040     0.000     0.000     0.305     0.725     1.325     0.000     0.780     1.198
     0.000    -0.471    -1.198    -2.029    -0.085    -6.336    -0.034    -0.024    -0.059     0.030
     0.113     0.471     0.000     0.000     0.349     0.881     1.475     0.000     0.333     1.589
     6.548
     0.000     0.413
     0.000     0.391     0.978
     0.000     0.397     1.857     8.605
     0.000     0.174     0.492     0.813     1.551
     0.000     0.445     1.222     2.218     0.100     9.135
     0.000     0.021     0.019     0.002    -0.026     0.025    30.430
     0.000     0.003     0.005     0.012     0.003     0.005     2.516     0.587
     0.000     0.001     0.003     0.003     0.003     0.010     0.204     0.084     0.104
     0.000    -0.087    -0.106    -0.134    -0.119    -0.099     0.005    -0.000    -0.000     0.389
     0.000    -0.084    -0.191    -0.315    -0.086    -0.365    -0.020    -0.001     0.001     0.196
     0.435
     0.000    -0.085    -0.265    -0.737    -0.051    -1.314    -0.034    -0.009     0.013     0.107
     0.415     1.635
     0.000     0.000     0.000     0.000     0.000     0.000     0.000     0.000     0.000     0.000
     0.000     0.000     0.000
     0.000     0.000     0.000     0.000     0.000     0.000     0.000     0.000     0.000     0.000
     0.000     0.000     0.000     0.000
     0.000    -0.321    -0.312    -0.335    -0.157    -0.329    -0.012    -0.004    -0.005     0.046
     0.036     0.026     0.000     0.000     0.362
     0.000    -0.312    -0.775    -1.518    -0.401    -0.895     0.017    -0.004    -0.015     0.060
     0.083     0.074     0.000     0.000     0.430     1.078
     0.000    -0.327    -1.486    -6.812    -0.674    -1.555     0.055     0.002    -0.045     0.084
     0.140     0.123     0.000     0.000     0.556     2.213     8.679
     0.000     0.000     0.000     0.000     0.000     0.000     0.000     0.000     0.000     0.000
     0.000     0.000     0.000     0.000     0.000     0.000     0.000     0.000
     0.000    -0.142    -0.390    -0.652    -1.202    -0.090     0.026    -0.004    -0.006     0.051
     0.027    -0.002     0.000     0.000     0.121     0.316     0.546     0.000     1.099
     0.000    -0.313    -0.787    -1.487    -0.400    -0.997    -0.012    -0.012    -0.014     0.040
     0.055     0.059     0.000     0.000     0.252     0.631     1.220     0.000     0.461     0.969
     0.000    -0.360    -0.989    -1.705    -0.071    -7.619    -0.027    -0.018    -0.059     0.027
     0.126     0.520     0.000     0.000     0.282     0.763     1.296     0.000     0.201     1.311
     8.012
     0.000     0.382
     0.000     0.419     1.059
     0.000     0.486     2.122     9.272
     0.000     0.191     0.499     0.881     1.253
     0.000     0.544     1.523     2.909     0.103    11.482
     0.000     0.018     0.018     0.011    -0.018     0.025    27.788
     0.000     0.002     0.004     0.012     0.003     0.006     1.982     0.421
     0.000     0.001     0.003     0.005     0.003     0.010     0.138     0.052     0.067
     0.000    -0.074    -0.104    -0.146    -0.107    -0.110     0.002    -0.000    -0.000     0.266
     0.000    -0.086    -0.207    -0.376    -0.092    -0.433    -0.018    -0.001     0.001     0.175
     0.428
     0.000    -0.101    -0.326    -0.960    -0.067    -1.523    -0.034    -0.010     0.013     0.123
     0.505     2.091
     0.000     0.000     0.000     0.000     0.000     0.000     0.000     0.000     0.000     0.000
     0.000     0.000     0.000
     0.000     0.000     0.000     0.000     0.000     0.000     0.000     0.000     0.000     0.000
     0.000     0.000     0.000     0.000
     0.000    -0.291    -0.324    -0.390    -0.160    -0.395    -0.009    -0.004    -0.005     0.035
     0.032     0.025     0.000     0.000     0.329
     0.000    -0.323    -0.821    -1.687    -0.396    -1.102     0.014    -0.006    -0.018     0.052
     0.080     0.076     0.000     0.000     0.430     1.105
     0.000    -0.381    -1.657    -7.284    -0.710    -2.024     0.048    -0.002    -0.059     0.080
     0.142     0.140     0.000     0.000     0.602     2.375     9.232
     0.000     0.000     0.000     0.000     0.000     0.000     0.000     0.000     0.000     0.000
     0.000     0.000     0.000     0.000     0.000     0.000     0.000     0.000
     0.000    -0.150    -0.390    -0.696    -0.961    -0.096     0.018    -0.005    -0.006     0.048
     0.030     0.003     0.000     0.000     0.123     0.312     0.574     0.000     0.875
     0.000    -0.334    -0.851    -1.696    -0.391    -1.259    -0.014    -0.012    -0.017     0.036
     0.053     0.062     0.000     0.000     0.266     0.677     1.380     0.000     0.461     1.100
     0.000    -0.445    -1.244    -2.244    -0.051    -9.910    -0.032    -0.023    -0.076     0.022
     0.131     0.480     0.000     0.000     0.348     0.970     1.760     0.000     0.235     1.773
    11.306
     0.000     0.408
     0.000     0.454     1.165
     0.000     0.544     2.349    10.189
     0.000     0.189     0.499     0.881     1.108
     0.000     0.647     1.861     3.571     0.099    15.929
     0.000     0.020     0.020     0.015    -0.012     0.024    20.775
     0.000     0.003     0.006     0.015     0.003     0.011     2.236     0.591
     0.000     0.001     0.004     0.006     0.003     0.017     0.236     0.104     0.120
     0.000    -0.072    -0.107    -0.156    -0.107    -0.114     0.003     0.000    -0.000     0.285
     0.000    -0.088    -0.225    -0.429    -0.097    -0.490    -0.015    -0.001     0.001     0.173
     0.472
     0.000    -0.109    -0.373    -1.171    -0.077    -1.789    -0.035    -0.013     0.018     0.117
     0.535     2.478
     0.000     0.000     0.000     0.000     0.000     0.000     0.000     0.000     0.000     0.000
     0.000     0.000     0.000
     0.000     0.000     0.000     0.000     0.000     0.000     0.000     0.000     0.000     0.000
     0.000     0.000     0.000     0.000
     0.000    -0.304    -0.342    -0.424    -0.155    -0.457    -0.011    -0.005    -0.006     0.033
     0.028     0.017     0.000     0.000     0.333
     0.000    -0.340    -0.883    -1.830    -0.386    -1.308     0.010    -0.007    -0.023     0.050
     0.076     0.054     0.000     0.000     0.442     1.163
     0.000    -0.410    -1.792    -7.907    -0.694    -2.379     0.047    -0.001    -0.078     0.074
     0.131     0.077     0.000     0.000     0.638     2.550    10.044
     0.000     0.000     0.000     0.000     0.000     0.000     0.000     0.000     0.000     0.000
     0.000     0.000     0.000     0.000     0.000     0.000     0.000     0.000
     0.000    -0.148    -0.390    -0.695    -0.840    -0.106     0.011    -0.006    -0.007     0.048
     0.031     0.001     0.000     0.000     0.120     0.306     0.568     0.000     0.761
     0.000    -0.364    -0.939    -1.868    -0.390    -1.613    -0.020    -0.016    -0.024     0.033
     0.048     0.046     0.000     0.000     0.284     0.737     1.511     0.000     0.480     1.282
     0.000    -0.538    -1.543    -2.751    -0.031   -14.137    -0.042    -0.036    -0.113     0.009
     0.114     0.418     0.000     0.000     0.417     1.195     2.154     0.000     0.296     2.443
    17.036
     0.000     0.443
     0.000     0.470     1.213
     0.000     0.538     2.375    10.554
     0.000     0.204     0.549     0.936     1.366
     0.000     0.638     1.862     3.476     0.052    15.950
     0.000     0.019     0.020     0.016    -0.014     0.026    14.180
     0.000     0.004     0.007     0.017     0.004     0.012     2.135     0.661
     0.000     0.001     0.004     0.004     0.004     0.019     0.317     0.153     0.156
     0.000    -0.081    -0.114    -0.158    -0.120    -0.113     0.004     0.000    -0.000     0.331
     0.000    -0.093    -0.231    -0.420    -0.100    -0.491    -0.014    -0.001     0.001     0.188
     0.499
     0.000    -0.107    -0.365    -1.121    -0.070    -1.800    -0.032    -0.014     0.019     0.118
     0.533     2.434
     0.000     0.000     0.000     0.000     0.000     0.000     0.000     0.000     0.000     0.000
     0.000     0.000     0.000
     0.000     0.000     0.000     0.000     0.000     0.000     0.000     0.000     0.000     0.000
     0.000     0.000     0.000     0.000
     0.000    -0.329    -0.351    -0.414    -0.167    -0.444    -0.012    -0.006    -0.006     0.037
     0.029     0.014     0.000     0.000     0.353
     0.000    -0.349    -0.911    -1.828    -0.422    -1.290     0.007    -0.008    -0.023     0.052
     0.074     0.043     0.000     0.000     0.445     1.172
     0.000    -0.403    -1.792    -8.085    -0.733    -2.250     0.041    -0.001    -0.076     0.073
     0.117     0.027     0.000     0.000     0.611     2.493    10.007
     0.000     0.000     0.000     0.000     0.000     0.000     0.000     0.000     0.000     0.000
     0.000     0.000     0.000     0.000     0.000     0.000     0.000     0.000
     0.000    -0.162    -0.434    -0.748    -1.049    -0.074     0.012    -0.006    -0.008     0.052
     0.028    -0.007     0.000     0.000     0.130     0.338     0.606     0.000     0.971
     0.000    -0.379    -0.986    -1.908    -0.433    -1.620    -0.020    -0.019    -0.025     0.034
     0.044     0.035     0.000     0.000     0.294     0.767     1.527     0.000     0.556     1.402
     0.000    -0.531    -1.550    -2.686     0.009   -14.152    -0.043    -0.039    -0.116     0.006
     0.111     0.436     0.000     0.000     0.407     1.183     2.050     0.000     0.300     2.528
    17.063
     0.000     0.457
     0.000     0.465     1.208
     0.000     0.517     2.328    10.550
     0.000     0.196     0.546     0.920     1.340
     0.000     0.635     1.864     3.427     0.056    15.839
     0.000     0.020     0.020     0.015    -0.013     0.025    13.873
     0.000     0.004     0.007     0.017     0.004     0.012     2.095     0.654
     0.000     0.001     0.005     0.004     0.003     0.019     0.312     0.152     0.157
     0.000    -0.084    -0.117    -0.160    -0.122    -0.114     0.005     0.000    -0.000     0.385
     0.000    -0.094    -0.233    -0.420    -0.101    -0.492    -0.014    -0.001     0.001     0.202
     0.529
     0.000    -0.106    -0.363    -1.114    -0.069    -1.798    -0.031    -0.013     0.019     0.118
     0.532     2.428
     0.000     0.000     0.000     0.000     0.000     0.000     0.000     0.000     0.000     0.000
     0.000     0.000     0.000
     0.000     0.000     0.000     0.000     0.000     0.000     0.000     0.000     0.000     0.000
     0.000     0.000     0.000     0.000
     0.000    -0.339    -0.349    -0.402    -0.164    -0.444    -0.013    -0.006    -0.006     0.039
     0.030     0.015     0.000     0.000     0.361
     0.000    -0.347    -0.909    -1.801    -0.422    -1.294     0.007    -0.008    -0.023     0.055
     0.077     0.045     0.000     0.000     0.442     1.171
     0.000    -0.389    -1.762    -8.094    -0.724    -2.218     0.041    -0.000    -0.075     0.077
     0.121     0.025     0.000     0.000     0.597     2.465    10.012
     0.000     0.000     0.000     0.000     0.000     0.000     0.000     0.000     0.000     0.000
     0.000     0.000     0.000     0.000     0.000     0.000     0.000     0.000
     0.000    -0.157    -0.430    -0.732    -1.023    -0.080     0.012    -0.006    -0.008     0.053
     0.030    -0.006     0.000     0.000     0.128     0.336     0.596     0.000     0.937
     0.000    -0.375    -0.980    -1.865    -0.429    -1.628    -0.020    -0.019    -0.025     0.036
     0.047     0.038     0.000     0.000     0.291     0.762     1.495     0.000     0.546     1.382
     0.000    -0.529    -1.553    -2.641     0.004   -14.058    -0.041    -0.039    -0.116     0.007
     0.114     0.439     0.000     0.000     0.406     1.184     2.016     0.000     0.301     2.523
    16.964
     0.000     0.450
     0.000     0.460     1.198
     0.000     0.514     2.303    10.421
     0.000     0.196     0.546     0.920     1.395
     0.000     0.624     1.836     3.375     0.030    15.864
     0.000     0.019     0.020     0.014    -0.014     0.025    13.870
     0.000     0.004     0.007     0.017     0.004     0.011     2.058     0.623
     0.000     0.001     0.005     0.004     0.004     0.018     0.301     0.141     0.143
     0.000    -0.085    -0.118    -0.161    -0.123    -0.116     0.004     0.000    -0.000     0.378
     0.000    -0.096    -0.235    -0.422    -0.101    -0.496    -0.014    -0.001     0.001     0.207
     0.531
     0.000    -0.108    -0.366    -1.117    -0.070    -1.811    -0.031    -0.013     0.018     0.126
     0.550     2.440
     0.000     0.000     0.000     0.000     0.000     0.000     0.000     0.000     0.000     0.000
     0.000     0.000     0.000
     0.000     0.000     0.000     0.000     0.000     0.000     0.000     0.000     0.000     0.000
     0.000     0.000     0.000     0.000
     0.000    -0.337    -0.349    -0.404    -0.166    -0.440    -0.013    -0.006    -0.006     0.040
     0.032     0.016     0.000     0.000     0.362
     0.000    -0.347    -0.910    -1.798    -0.426    -1.285     0.007    -0.008    -0.023     0.056
     0.079     0.049     0.000     0.000     0.447     1.178
     0.000    -0.392    -1.761    -8.039    -0.732    -2.204     0.041    -0.001    -0.075     0.078
     0.124     0.034     0.000     0.000     0.605     2.475     9.984
     0.000     0.000     0.000     0.000     0.000     0.000     0.000     0.000     0.000     0.000
     0.000     0.000     0.000     0.000     0.000     0.000     0.000     0.000
     0.000    -0.157    -0.431    -0.733    -1.069    -0.058     0.013    -0.006    -0.008     0.053
     0.029    -0.007     0.000     0.000     0.129     0.340     0.602     0.000     0.985
     0.000    -0.371    -0.972    -1.846    -0.429    -1.598    -0.020    -0.018    -0.024     0.037
     0.047     0.040     0.000     0.000     0.291     0.763     1.495     0.000     0.553     1.387
     0.000    -0.518    -1.526    -2.594     0.028   -14.061    -0.041    -0.038    -0.114     0.009
     0.119     0.457     0.000     0.000     0.401     1.173     2.001     0.000     0.284     2.496
    16.914
     0.000     0.662
     0.000     0.522     1.634
     0.000     0.408     2.669    15.508
     0.000     0.192     0.407     0.384     1.496
     0.000     0.636     2.593     4.215    -0.188    80.009
     0.000     0.002     0.003     0.004    -0.005    -0.009     0.097
     0.000    -0.001     0.001     0.009     0.009     0.012     0.025     0.223
     0.000    -0.003     0.002    -0.043     0.006     0.158     0.006     0.114     1.996
     0.000    -0.056    -0.048    -0.008    -0.113     0.024     0.001    -0.001    -0.001     0.109
     0.000    -0.033    -0.169    -0.240    -0.036    -0.183    -0.003     0.004    -0.004     0.024
     0.283
     0.000    -0.009    -0.141    -1.009     0.025    -3.982    -0.004    -0.018     0.077     0.000
     0.115     2.930
     0.000     0.000     0.000     0.000     0.000     0.000     0.000     0.000     0.000     0.000
     0.000     0.000     0.000
     0.000     0.000     0.000     0.000     0.000     0.000     0.000     0.000     0.000     0.000
     0.000     0.000     0.000     0.000
     0.000    -0.471    -0.299    -0.191    -0.090    -0.331    -0.005    -0.003    -0.003    -0.004
    -0.014    -0.037     0.000     0.000     0.543
     0.000    -0.295    -1.070    -1.490    -0.259    -1.665     0.002    -0.012    -0.026     0.004
    -0.031    -0.105     0.000     0.000     0.294     1.318
     0.000    -0.202    -1.561   -10.918    -0.203    -0.564     0.004     0.015    -0.139    -0.024
    -0.023    -0.831     0.000     0.000     0.205     1.606    12.511
     0.000     0.000     0.000     0.000     0.000     0.000     0.000     0.000     0.000     0.000
     0.000     0.000     0.000     0.000     0.000     0.000     0.000     0.000
     0.000    -0.135    -0.319    -0.335    -1.224     0.110     0.000    -0.010    -0.005     0.044
    -0.001    -0.041     0.000     0.000     0.075     0.222     0.211     0.000     1.203
     0.000    -0.421    -1.313    -2.131    -0.336    -2.126    -0.007    -0.019    -0.006     0.003
    -0.022    -0.041     0.000     0.000     0.272     0.943     1.368     0.000     0.436     1.868
     0.000    -0.546    -2.132    -3.040     0.161   -66.729     0.001    -0.038    -0.347    -0.052
    -0.059     1.739     0.000     0.000     0.333     1.560     0.900     0.000     0.077     2.953
    64.066
     0.000     0.753
     0.000     0.830     1.834
     0.000     0.964     3.478    12.069
     0.000     0.342     0.848     1.463     0.954
     0.000     1.609     3.775     7.092     0.390    21.132
     0.000     0.011     0.011     0.010    -0.005     0.021     0.755
     0.000     0.003     0.009     0.019     0.003     0.021     0.350     0.571
     0.000    -0.000    -0.002    -0.006    -0.000     0.021     0.160     0.447     1.422
     0.000    -0.090    -0.137    -0.196    -0.108    -0.128     0.007     0.004     0.001     1.200
     0.000    -0.096    -0.229    -0.430    -0.107    -0.458    -0.003     0.003     0.005     0.186
     0.706
     0.000    -0.122    -0.362    -1.004    -0.044    -1.798    -0.016    -0.012     0.037     0.040
     0.283     1.962
     0.000     0.000     0.000     0.000     0.000     0.000     0.000     0.000     0.000     0.000
     0.000     0.000     0.000
     0.000     0.000     0.000     0.000     0.000     0.000     0.000     0.000     0.000     0.000
     0.000     0.000     0.000     0.000
     0.000    -0.497    -0.516    -0.551    -0.233    -0.952    -0.011    -0.008    -0.010     0.034
     0.013    -0.007     0.000     0.000     0.473
     0.000    -0.503    -1.165    -2.184    -0.557    -2.267    -0.002    -0.012    -0.025     0.052
     0.040    -0.022     0.000     0.000     0.509     1.252
     0.000    -0.532    -2.159    -8.190    -0.944    -4.006     0.017     0.003    -0.073     0.073
     0.064    -0.146     0.000     0.000     0.569     2.387     9.136
     0.000     0.000     0.000     0.000     0.000     0.000     0.000     0.000     0.000     0.000
     0.000     0.000     0.000     0.000     0.000     0.000     0.000     0.000
     0.000    -0.272    -0.664    -1.147    -0.732    -0.355     0.002    -0.008    -0.008     0.038
     0.027    -0.042     0.000     0.000     0.183     0.443     0.771     0.000     0.708
     0.000    -0.656    -1.450    -2.716    -0.663    -3.082    -0.014    -0.023    -0.029     0.036
     0.045     0.031     0.000     0.000     0.419     0.950     1.777     0.000     0.765     1.728
     0.000    -1.295    -3.011    -5.522    -0.316   -16.849    -0.030    -0.052    -0.129    -0.008
     0.078     0.590     0.000     0.000     0.811     1.918     3.385     0.000     0.694     3.718
    17.162
     0.000     0.660
     0.000     0.647     1.457
     0.000     0.685     2.642    10.043
     0.000     0.329     0.911     1.483     1.647
     0.000     0.920     2.186     3.904     0.218    10.423
     0.000     0.027     0.024     0.014    -0.016     0.044     9.379
     0.000     0.009     0.014     0.022     0.001     0.021     3.141     1.789
     0.000     0.002     0.000    -0.000    -0.001     0.018     1.045     0.845     0.958
     0.000    -0.128    -0.154    -0.193    -0.132    -0.152     0.015     0.004     0.001     1.337
     0.000    -0.111    -0.222    -0.356    -0.110    -0.411    -0.013    -0.001     0.004     0.281
     0.622
     0.000    -0.113    -0.299    -0.708    -0.038    -1.326    -0.034    -0.016     0.020     0.074
     0.318     1.411
     0.000     0.000     0.000     0.000     0.000     0.000     0.000     0.000     0.000     0.000
     0.000     0.000     0.000
     0.000     0.000     0.000     0.000     0.000     0.000     0.000     0.000     0.000     0.000
     0.000     0.000     0.000     0.000
     0.000    -0.473    -0.453    -0.467    -0.259    -0.597    -0.020    -0.010    -0.009     0.061
     0.034     0.014     0.000     0.000     0.476
     0.000    -0.444    -1.029    -1.887    -0.666    -1.426     0.006    -0.007    -0.015     0.072
     0.068     0.032     0.000     0.000     0.512     1.225
     0.000    -0.449    -1.853    -7.369    -1.089    -2.455     0.051     0.015    -0.036     0.096
     0.101     0.000     0.000     0.000     0.591     2.330     8.661
     0.000     0.000     0.000     0.000     0.000     0.000     0.000     0.000     0.000     0.000
     0.000     0.000     0.000     0.000     0.000     0.000     0.000     0.000
     0.000    -0.273    -0.729    -1.201    -1.280    -0.209     0.015    -0.005    -0.006     0.041
     0.019    -0.044     0.000     0.000     0.208     0.535     0.903     0.000     1.259
     0.000    -0.518    -1.172    -2.116    -0.734    -1.787    -0.019    -0.023    -0.022     0.048
     0.049     0.037     0.000     0.000     0.368     0.843     1.540     0.000     0.894     1.469
     0.000    -0.739    -1.757    -3.085    -0.189    -8.309    -0.043    -0.041    -0.083     0.032
     0.112     0.511     0.000     0.000     0.507     1.207     2.075     0.000     0.536     2.272
     8.530
     0.000     0.545
     0.000     0.492     1.158
     0.000     0.482     2.073     8.902
     0.000     0.265     0.769     1.211     2.020
     0.000     0.582     1.477     2.564     0.098     7.823
     0.000     0.027     0.021    -0.001    -0.029     0.038    21.259
     0.000     0.005     0.008     0.015     0.001     0.010     3.158     1.054
     0.000     0.001     0.001     0.001     0.002     0.012     0.463     0.250     0.285
     0.000    -0.122    -0.135    -0.161    -0.141    -0.121     0.011     0.001    -0.000     0.740
     0.000    -0.102    -0.202    -0.309    -0.098    -0.359    -0.020    -0.001     0.002     0.243
     0.491
     0.000    -0.093    -0.256    -0.615    -0.036    -1.164    -0.036    -0.012     0.015     0.092
     0.343     1.327
     0.000     0.000     0.000     0.000     0.000     0.000     0.000     0.000     0.000     0.000
     0.000     0.000     0.000
     0.000     0.000     0.000     0.000     0.000     0.000     0.000     0.000     0.000     0.000
     0.000     0.000     0.000     0.000
     0.000    -0.410    -0.374    -0.376    -0.229    -0.408    -0.017    -0.007    -0.006     0.063
     0.040     0.021     0.000     0.000     0.437
     0.000    -0.371    -0.882    -1.624    -0.602    -1.036     0.017    -0.004    -0.013     0.072
     0.078     0.054     0.000     0.000     0.477     1.155
     0.000    -0.365    -1.590    -6.882    -0.971    -1.752     0.067     0.010    -0.036     0.094
     0.119     0.059     0.000     0.000     0.569     2.237     8.511
     0.000     0.000     0.000     0.000     0.000     0.000     0.000     0.000     0.000     0.000
     0.000     0.000     0.000     0.000     0.000     0.000     0.000     0.000
     0.000    -0.224    -0.623    -0.994    -1.589    -0.099     0.031    -0.004    -0.006     0.048
     0.017    -0.030     0.000     0.000     0.184     0.486     0.808     0.000     1.544
     0.000    -0.397    -0.941    -1.680    -0.635    -1.212    -0.012    -0.015    -0.015     0.045
     0.049     0.040     0.000     0.000     0.305     0.725     1.325     0.000     0.780     1.198
     0.000    -0.471    -1.198    -2.029    -0.085    -6.336    -0.034    -0.024    -0.059     0.030
     0.113     0.471     0.000     0.000     0.349     0.881     1.475     0.000     0.333     1.589
     6.548
     0.000     0.413
     0.000     0.391     0.978
     0.000     0.397     1.857     8.605
     0.000     0.174     0.492     0.813     1.551
     0.000     0.445     1.222     2.218     0.100     9.135
     0.000     0.021     0.019     0.002    -0.026     0.025    30.430
     0.000     0.003     0.005     0.012     0.003     0.005     2.516     0.587
     0.000     0.001     0.003     0.003     0.003     0.010     0.204     0.084     0.104
     0.000    -0.087    -0.106    -0.134    -0.119    -0.099     0.005    -0.000    -0.000     0.389
     0.000    -0.084    -0.191    -0.315    -0.086    -0.365    -0.020    -0.001     0.001     0.196
     0.435
     0.000    -0.085    -0.265    -0.737    -0.051    -1.314    -0.034    -0.009     0.013     0.107
     0.415     1.635
     0.000     0.000     0.000     0.000     0.000     0.000     0.000     0.000     0.000     0.000
     0.000     0.000     0.000
     0.000     0.000     0.000     0.000     0.000     0.000     0.000     0.000     0.000     0.000
     0.000     0.000     0.000     0.000
     0.000    -0.321    -0.312    -0.335    -0.157    -0.329    -0.012    -0.004    -0.005     0.046
     0.036     0.026     0.000     0.000     0.362
     0.000    -0.312    -0.775    -1.518    -0.401    -0.895     0.017    -0.004    -0.015     0.060
     0.083     0.074     0.000     0.000     0.430     1.078
     0.000    -0.327    -1.486    -6.812    -0.674    -1.555     0.055     0.002    -0.045     0.084
     0.140     0.123     0.000     0.000     0.556     2.213     8.679
     0.000     0.000     0.000     0.000     0.000     0.000     0.000     0.000     0.000     0.000
     0.000     0.000     0.000     0.000     0.000     0.000     0.000     0.000
     0.000    -0.142    -0.390    -0.652    -1.202    -0.090     0.026    -0.004    -0.006     0.051
     0.027    -0.002     0.000     0.000     0.121     0.316     0.546     0.000     1.099
     0.000    -0.313    -0.787    -1.487    -0.400    -0.997    -0.012    -0.012    -0.014     0.040
     0.055     0.059     0.000     0.000     0.252     0.631     1.220     0.000     0.461     0.969
     0.000    -0.360    -0.989    -1.705    -0.071    -7.619    -0.027    -0.018    -0.059     0.027
     0.126     0.520     0.000     0.000     0.282     0.763     1.296     0.000     0.201     1.311
     8.012
     0.000     0.382
     0.000     0.419     1.059
     0.000     0.486     2.122     9.272
     0.000     0.191     0.499     0.881     1.253
     0.000     0.544     1.523     2.909     0.103    11.482
     0.000     0.018     0.018     0.011    -0.018     0.025    27.788
     0.000     0.002     0.004     0.012     0.003     0.006     1.982     0.421
     0.000     0.001     0.003     0.005     0.003     0.010     0.138     0.052     0.067
     0.000    -0.074    -0.104    -0.146    -0.107    -0.110     0.002    -0.000    -0.000     0.266
     0.000    -0.086    -0.207    -0.376    -0.092    -0.433    -0.018    -0.001     0.001     0.175
     0.428
     0.000    -0.101    -0.326    -0.960    -0.067    -1.523    -0.034    -0.010     0.013     0.123
     0.505     2.091
     0.000     0.000     0.000     0.000     0.000     0.000     0.000     0.000     0.000     0.000
     0.000     0.000     0.000
     0.000     0.000     0.000     0.000     0.000     0.000     0.000     0.000     0.000     0.000
     0.000     0.000     0.000     0.000
     0.000    -0.291    -0.324    -0.390    -0.160    -0.395    -0.009    -0.004    -0.005     0.035
     0.032     0.025     0.000     0.000     0.329
     0.000    -0.323    -0.821    -1.687    -0.396    -1.102     0.014    -0.006    -0.018     0.052
     0.080     0.076     0.000     0.000     0.430     1.105
     0.000    -0.381    -1.657    -7.284    -0.710    -2.024     0.048    -0.002    -0.059     0.080
     0.142     0.140     0.000     0.000     0.602     2.375     9.232
     0.000     0.000     0.000     0.000     0.000     0.000     0.000     0.000     0.000     0.000
     0.000     0.000     0.000     0.000     0.000     0.000     0.000     0.000
     0.000    -0.150    -0.390    -0.696    -0.961    -0.096     0.018    -0.005    -0.006     0.048
     0.030     0.003     0.000     0.000     0.123     0.312     0.574     0.000     0.875
     0.000    -0.334    -0.851    -1.696    -0.391    -1.259    -0.014    -0.012    -0.017     0.036
     0.053     0.062     0.000     0.000     0.266     0.677     1.380     0.000     0.461     1.100
     0.000    -0.445    -1.244    -2.244    -0.051    -9.910    -0.032    -0.023    -0.076     0.022
     0.131     0.480     0.000     0.000     0.348     0.970     1.760     0.000     0.235     1.773
    11.306
     0.000     0.408
     0.000     0.454     1.165
     0.000     0.544     2.349    10.189
     0.000     0.189     0.499     0.881     1.108
     0.000     0.647     1.861     3.571     0.099    15.929
     0.000     0.020     0.020     0.015    -0.012     0.024    20.775
     0.000     0.003     0.006     0.015     0.003     0.011     2.236     0.591
     0.000     0.001     0.004     0.006     0.003     0.017     0.236     0.104     0.120
     0.000    -0.072    -0.107    -0.156    -0.107    -0.114     0.003     0.000    -0.000     0.285
     0.000    -0.088    -0.225    -0.429    -0.097    -0.490    -0.015    -0.001     0.001     0.173
     0.472
     0.000    -0.109    -0.373    -1.171    -0.077    -1.789    -0.035    -0.013     0.018     0.117
     0.535     2.478
     0.000     0.000     0.000     0.000     0.000     0.000     0.000     0.000     0.000     0.000
     0.000     0.000     0.000
     0.000     0.000     0.000     0.000     0.000     0.000     0.000     0.000     0.000     0.000
     0.000     0.000     0.000     0.000
     0.000    -0.304    -0.342    -0.424    -0.155    -0.457    -0.011    -0.005    -0.006     0.033
     0.028     0.017     0.000     0.000     0.333
     0.000    -0.340    -0.883    -1.830    -0.386    -1.308     0.010    -0.007    -0.023     0.050
     0.076     0.054     0.000     0.000     0.442     1.163
     0.000    -0.410    -1.792    -7.907    -0.694    -2.379     0.047    -0.001    -0.078     0.074
     0.131     0.077     0.000     0.000     0.638     2.550    10.044
     0.000     0.000     0.000     0.000     0.000     0.000     0.000     0.000     0.000     0.000
     0.000     0.000     0.000     0.000     0.000     0.000     0.000     0.000
     0.000    -0.148    -0.390    -0.695    -0.840    -0.106     0.011    -0.006    -0.007     0.048
     0.031     0.001     0.000     0.000     0.120     0.306     0.568     0.000     0.761
     0.000    -0.364    -0.939    -1.868    -0.390    -1.613    -0.020    -0.016    -0.024     0.033
     0.048     0.046     0.000     0.000     0.284     0.737     1.511     0.000     0.480     1.282
     0.000    -0.538    -1.543    -2.751    -0.031   -14.137    -0.042    -0.036    -0.113     0.009
     0.114     0.418     0.000     0.000     0.417     1.195     2.154     0.000     0.296     2.443
    17.036
     0.000     0.443
     0.000     0.470     1.213
     0.000     0.538     2.375    10.554
     0.000     0.204     0.549     0.936     1.366
     0.000     0.638     1.862     3.476     0.052    15.950
     0.000     0.019     0.020     0.016    -0.014     0.026    14.180
     0.000     0.004     0.007     0.017     0.004     0.012     2.135     0.661
     0.000     0.001     0.004     0.004     0.004     0.019     0.317     0.153     0.156
     0.000    -0.081    -0.114    -0.158    -0.120    -0.113     0.004     0.000    -0.000     0.331
     0.000    -0.093    -0.231    -0.420    -0.100    -0.491    -0.014    -0.001     0.001     0.188
     0.499
     0.000    -0.107    -0.365    -1.121    -0.070    -1.800    -0.032    -0.014     0.019     0.118
     0.533     2.434
     0.000     0.000     0.000     0.000     0.000     0.000     0.000     0.000     0.000     0.000
     0.000     0.000     0.000
     0.000     0.000     0.000     0.000     0.000     0.000     0.000     0.000     0.000     0.000
     0.000     0.000     0.000     0.000
     0.000    -0.329    -0.351    -0.414    -0.167    -0.444    -0.012    -0.006    -0.006     0.037
     0.029     0.014     0.000     0.000     0.353
     0.000    -0.349    -0.911    -1.828    -0.422    -1.290     0.007    -0.008    -0.023     0.052
     0.074     0.043     0.000     0.000     0.445     1.172
     0.000    -0.403    -1.792    -8.085    -0.733    -2.250     0.041    -0.001    -0.076     0.073
     0.117     0.027     0.000     0.000     0.611     2.493    10.007
     0.000     0.000     0.000     0.000     0.000     0.000     0.000     0.000     0.000     0.000
     0.000     0.000     0.000     0.000     0.000     0.000     0.000     0.000
     0.000    -0.162    -0.434    -0.748    -1.049    -0.074     0.012    -0.006    -0.008     0.052
     0.028    -0.007     0.000     0.000     0.130     0.338     0.606     0.000     0.971
     0.000    -0.379    -0.986    -1.908    -0.433    -1.620    -0.020    -0.019    -0.025     0.034
     0.044     0.035     0.000     0.000     0.294     0.767     1.527     0.000     0.556     1.402
     0.000    -0.531    -1.550    -2.686     0.009   -14.152    -0.043    -0.039    -0.116     0.006
     0.111     0.436     0.000     0.000     0.407     1.183     2.050     0.000     0.300     2.528
    17.063
     0.000     0.457
     0.000     0.465     1.208
     0.000     0.517     2.328    10.550
     0.000     0.196     0.546     0.920     1.340
     0.000     0.635     1.864     3.427     0.056    15.839
     0.000     0.020     0.020     0.015    -0.013     0.025    13.873
     0.000     0.004     0.007     0.017     0.004     0.012     2.095     0.654
     0.000     0.001     0.005     0.004     0.003     0.019     0.312     0.152     0.157
     0.000    -0.084    -0.117    -0.160    -0.122    -0.114     0.005     0.000    -0.000     0.385
     0.000    -0.094    -0.233    -0.420    -0.101    -0.492    -0.014    -0.001     0.001     0.202
     0.529
     0.000    -0.106    -0.363    -1.114    -0.069    -1.798    -0.031    -0.013     0.019     0.118
     0.532     2.428
     0.000     0.000     0.000     0.000     0.000     0.000     0.000     0.000     0.000     0.000
     0.000     0.000     0.000
     0.000     0.000     0.000     0.000     0.000     0.000     0.000     0.000     0.000     0.000
     0.000     0.000     0.000     0.000
     0.000    -0.339    -0.349    -0.402    -0.164    -0.444    -0.013    -0.006    -0.006     0.039
     0.030     0.015     0.000     0.000     0.361
     0.000    -0.347    -0.909    -1.801    -0.422    -1.294     0.007    -0.008    -0.023     0.055
     0.077     0.045     0.000     0.000     0.442     1.171
     0.000    -0.389    -1.762    -8.094    -0.724    -2.218     0.041    -0.000    -0.075     0.077
     0.121     0.025     0.000     0.000     0.597     2.465    10.012
     0.000     0.000     0.000     0.000     0.000     0.000     0.000     0.000     0.000     0.000
     0.000     0.000     0.000     0.000     0.000     0.000     0.000     0.000
     0.000    -0.157    -0.430    -0.732    -1.023    -0.080     0.012    -0.006    -0.008     0.053
     0.030    -0.006     0.000     0.000     0.128     0.336     0.596     0.000     0.937
     0.000    -0.375    -0.980    -1.865    -0.429    -1.628    -0.020    -0.019    -0.025     0.036
     0.047     0.038     0.000     0.000     0.291     0.762     1.495     0.000     0.546     1.382
     0.000    -0.529    -1.553    -2.641     0.004   -14.058    -0.041    -0.039    -0.116     0.007
     0.114     0.439     0.000     0.000     0.406     1.184     2.016     0.000     0.301     2.523
    16.964
     0.000     0.450
     0.000     0.460     1.198
     0.000     0.514     2.303    10.421
     0.000     0.196     0.546     0.920     1.395
     0.000     0.624     1.836     3.375     0.030    15.864
     0.000     0.019     0.020     0.014    -0.014     0.025    13.870
     0.000     0.004     0.007     0.017     0.004     0.011     2.058     0.623
     0.000     0.001     0.005     0.004     0.004     0.018     0.301     0.141     0.143
     0.000    -0.085    -0.118    -0.161    -0.123    -0.116     0.004     0.000    -0.000     0.378
     0.000    -0.096    -0.235    -0.422    -0.101    -0.496    -0.014    -0.001     0.001     0.207
     0.531
     0.000    -0.108    -0.366    -1.117    -0.070    -1.811    -0.031    -0.013     0.018     0.126
     0.550     2.440
     0.000     0.000     0.000     0.000     0.000     0.000     0.000     0.000     0.000     0.000
     0.000     0.000     0.000
     0.000     0.000     0.000     0.000     0.000     0.000     0.000     0.000     0.000     0.000
     0.000     0.000     0.000     0.000
     0.000    -0.337    -0.349    -0.404    -0.166    -0.440    -0.013    -0.006    -0.006     0.040
     0.032     0.016     0.000     0.000     0.362
     0.000    -0.347    -0.910    -1.798    -0.426    -1.285     0.007    -0.008    -0.023     0.056
     0.079     0.049     0.000     0.000     0.447     1.178
     0.000    -0.392    -1.761    -8.039    -0.732    -2.204     0.041    -0.001    -0.075     0.078
     0.124     0.034     0.000     0.000     0.605     2.475     9.984
     0.000     0.000     0.000     0.000     0.000     0.000     0.000     0.000     0.000     0.000
     0.000     0.000     0.000     0.000     0.000     0.000     0.000     0.000
     0.000    -0.157    -0.431    -0.733    -1.069    -0.058     0.013    -0.006    -0.008     0.053
     0.029    -0.007     0.000     0.000     0.129     0.340     0.602     0.000     0.985
     0.000    -0.371    -0.972    -1.846    -0.429    -1.598    -0.020    -0.018    -0.024     0.037
     0.047     0.040     0.000     0.000     0.291     0.763     1.495     0.000     0.553     1.387
     0.000    -0.518    -1.526    -2.594     0.028   -14.061    -0.041    -0.038    -0.114     0.009
     0.119     0.457     0.000     0.000     0.401     1.173     2.001     0.000     0.284     2.496
    16.914
     0.000     0.384
     0.000     0.566     1.381
     0.000     0.867     3.081    10.847
     0.000     0.187     0.430     0.816     0.612
     0.000     1.143     3.062     6.571     0.071    36.047
     0.000     0.002     0.002     0.001    -0.002    -0.002     0.081
     0.000    -0.000     0.000     0.004     0.003     0.001     0.029     0.190
     0.000    -0.004    -0.002    -0.010     0.003     0.066     0.009     0.135     1.701
     0.000    -0.035    -0.059    -0.089    -0.054    -0.050     0.000     0.000     0.000     0.067
     0.000    -0.049    -0.146    -0.316    -0.057    -0.380    -0.002     0.001     0.004     0.040
     0.191
     0.000    -0.078    -0.271    -1.008    -0.031    -1.949    -0.006    -0.008     0.052     0.022
     0.214     1.903
     0.000     0.000     0.000     0.000     0.000     0.000     0.000     0.000     0.000     0.000
     0.000     0.000     0.000
     0.000     0.000     0.000     0.000     0.000     0.000     0.000     0.000     0.000     0.000
     0.000     0.000     0.000     0.000
     0.000    -0.253    -0.353    -0.513    -0.114    -0.695    -0.002    -0.003    -0.006     0.006
    -0.003    -0.014     0.000     0.000     0.279
     0.000    -0.353    -0.879    -1.950    -0.265    -1.852     0.000    -0.005    -0.028     0.008
     0.010    -0.053     0.000     0.000     0.427     1.083
     0.000    -0.507    -1.949    -7.280    -0.503    -3.689     0.007     0.001    -0.096     0.008
     0.009    -0.127     0.000     0.000     0.674     2.472     8.750
     0.000     0.000     0.000     0.000     0.000     0.000     0.000     0.000     0.000     0.000
     0.000     0.000     0.000     0.000     0.000     0.000     0.000     0.000
     0.000    -0.141    -0.327    -0.631    -0.476    -0.037     0.000    -0.005    -0.006     0.020
     0.014    -0.020     0.000     0.000     0.093     0.218     0.428     0.000     0.445
     0.000    -0.439    -1.068    -2.363    -0.332    -2.385    -0.005    -0.010    -0.018     0.012
     0.021     0.020     0.000     0.000     0.296     0.729     1.616     0.000     0.361     1.196
     0.000    -0.911    -2.396    -4.973    -0.024   -28.731    -0.007    -0.029    -0.169    -0.016
     0.087     0.710     0.000     0.000     0.608     1.594     3.140     0.000     0.166     2.682
    26.712
     0.000     0.542
     0.000     0.739     1.638
     0.000     1.072     3.432    10.849
     0.000     0.291     0.709     1.380     0.689
     0.000     1.515     3.509     7.241     0.577    17.989
     0.000     0.012     0.011     0.009    -0.004     0.019     1.363
     0.000     0.004     0.008     0.016     0.003     0.016     0.480     0.736
     0.000    -0.001    -0.003    -0.007    -0.001     0.025     0.165     0.456     1.486
     0.000    -0.069    -0.119    -0.203    -0.080    -0.148     0.007     0.003     0.003     1.073
     0.000    -0.086    -0.212    -0.436    -0.098    -0.477    -0.004     0.003     0.005     0.160
     0.613
     0.000    -0.138    -0.380    -1.044    -0.079    -1.601    -0.018    -0.012     0.037     0.041
     0.253     1.668
     0.000     0.000     0.000     0.000     0.000     0.000     0.000     0.000     0.000     0.000
     0.000     0.000     0.000
     0.000     0.000     0.000     0.000     0.000     0.000     0.000     0.000     0.000     0.000
     0.000     0.000     0.000     0.000
     0.000    -0.353    -0.463    -0.639    -0.194    -0.905    -0.008    -0.006    -0.007     0.031
     0.020     0.014     0.000     0.000     0.344
     0.000    -0.450    -1.031    -2.173    -0.462    -2.107    -0.000    -0.008    -0.021     0.053
     0.057     0.026     0.000     0.000     0.485     1.152
     0.000    -0.608    -2.136    -7.228    -0.883    -4.212     0.022     0.006    -0.064     0.091
     0.109     0.023     0.000     0.000     0.717     2.500     8.333
     0.000     0.000     0.000     0.000     0.000     0.000     0.000     0.000     0.000     0.000
     0.000     0.000     0.000     0.000     0.000     0.000     0.000     0.000
     0.000    -0.225    -0.540    -1.050    -0.521    -0.447     0.002    -0.005    -0.006     0.030
     0.035     0.002     0.000     0.000     0.149     0.356     0.693     0.000     0.474
     0.000    -0.571    -1.260    -2.616    -0.538    -2.736    -0.012    -0.017    -0.023     0.039
     0.062     0.095     0.000     0.000     0.365     0.814     1.694     0.000     0.544     1.315
     0.000    -1.185    -2.719    -5.505    -0.429   -14.161    -0.026    -0.043    -0.116     0.028
     0.145     0.584     0.000     0.000     0.741     1.713     3.395     0.000     0.555     2.894
    13.680
     0.000     0.575
     0.000     0.632     1.381
     0.000     0.746     2.646     9.251
     0.000     0.335     0.866     1.506     1.476
     0.000     0.896     2.040     3.838     0.333     8.834
     0.000     0.026     0.022     0.008    -0.015     0.040    10.113
     0.000     0.008     0.012     0.018     0.000     0.018     3.056     1.743
     0.000     0.001    -0.001    -0.002    -0.001     0.018     0.916     0.777     0.961
     0.000    -0.110    -0.140    -0.195    -0.113    -0.152     0.015     0.004     0.001     1.341
     0.000    -0.101    -0.206    -0.348    -0.106    -0.395    -0.013    -0.001     0.005     0.260
     0.573
     0.000    -0.114    -0.290    -0.685    -0.050    -1.186    -0.034    -0.015     0.021     0.067
     0.284     1.238
     0.000     0.000     0.000     0.000     0.000     0.000     0.000     0.000     0.000     0.000
     0.000     0.000     0.000
     0.000     0.000     0.000     0.000     0.000     0.000     0.000     0.000     0.000     0.000
     0.000     0.000     0.000     0.000
     0.000    -0.409    -0.444    -0.520    -0.257    -0.585    -0.015    -0.008    -0.007     0.056
     0.035     0.021     0.000     0.000     0.413
     0.000    -0.434    -0.976    -1.905    -0.633    -1.339     0.010    -0.003    -0.012     0.071
     0.074     0.049     0.000     0.000     0.512     1.189
     0.000    -0.495    -1.869    -6.798    -1.108    -2.479     0.059     0.019    -0.029     0.106
     0.122     0.065     0.000     0.000     0.684     2.426     8.250
     0.000     0.000     0.000     0.000     0.000     0.000     0.000     0.000     0.000     0.000
     0.000     0.000     0.000     0.000     0.000     0.000     0.000     0.000
     0.000    -0.274    -0.685    -1.203    -1.145    -0.275     0.017    -0.003    -0.005     0.035
     0.026    -0.024     0.000     0.000     0.204     0.502     0.900     0.000     1.095
     0.000    -0.502    -1.096    -2.094    -0.690    -1.616    -0.015    -0.018    -0.018     0.048
     0.056     0.060     0.000     0.000     0.356     0.786     1.522     0.000     0.772     1.257
     0.000    -0.711    -1.613    -2.995    -0.270    -6.952    -0.036    -0.034    -0.074     0.043
     0.131     0.486     0.000     0.000     0.485     1.104     2.032     0.000     0.475     1.878
     6.854
     0.000     0.502
     0.000     0.489     1.112
     0.000     0.510     2.067     8.300
     0.000     0.283     0.765     1.262     1.932
     0.000     0.571     1.379     2.478     0.160     6.600
     0.000     0.027     0.020    -0.005    -0.029     0.038    25.060
     0.000     0.005     0.007     0.013     0.000     0.009     3.530     1.146
     0.000     0.001     0.000     0.001     0.002     0.012     0.490     0.261     0.300
     0.000    -0.111    -0.127    -0.160    -0.129    -0.120     0.011     0.001    -0.000     0.692
     0.000    -0.095    -0.187    -0.295    -0.096    -0.337    -0.020    -0.001     0.002     0.224
     0.445
     0.000    -0.092    -0.241    -0.569    -0.039    -1.032    -0.038    -0.011     0.014     0.085
     0.309     1.177
     0.000     0.000     0.000     0.000     0.000     0.000     0.000     0.000     0.000     0.000
     0.000     0.000     0.000
     0.000     0.000     0.000     0.000     0.000     0.000     0.000     0.000     0.000     0.000
     0.000     0.000     0.000     0.000
     0.000    -0.377    -0.373    -0.404    -0.238    -0.403    -0.014    -0.006    -0.005     0.059
     0.039     0.024     0.000     0.000     0.405
     0.000    -0.369    -0.850    -1.631    -0.600    -0.977     0.021    -0.002    -0.012     0.070
     0.078     0.060     0.000     0.000     0.482     1.137
     0.000    -0.389    -1.599    -6.458    -1.015    -1.745     0.077     0.013    -0.030     0.098
     0.126     0.091     0.000     0.000     0.626     2.299     8.207
     0.000     0.000     0.000     0.000     0.000     0.000     0.000     0.000     0.000     0.000
     0.000     0.000     0.000     0.000     0.000     0.000     0.000     0.000
     0.000    -0.237    -0.617    -1.032    -1.523    -0.139     0.034    -0.002    -0.005     0.043
     0.020    -0.023     0.000     0.000     0.191     0.483     0.838     0.000     1.473
     0.000    -0.394    -0.899    -1.669    -0.629    -1.107    -0.009    -0.013    -0.013     0.044
     0.050     0.048     0.000     0.000     0.302     0.694     1.319     0.000     0.739     1.088
     0.000    -0.459    -1.108    -1.956    -0.135    -5.288    -0.032    -0.021    -0.053     0.035
     0.117     0.434     0.000     0.000     0.339     0.817     1.442     0.000     0.322     1.374
     5.333
     0.000     0.396
     0.000     0.384     0.944
     0.000     0.392     1.819     8.297
     0.000     0.180     0.492     0.828     1.517
     0.000     0.430     1.153     2.111     0.118     7.933
     0.000     0.022     0.018     0.000    -0.027     0.027    36.683
     0.000     0.003     0.005     0.012     0.002     0.005     2.903     0.643
     0.000     0.001     0.002     0.004     0.003     0.009     0.225     0.088     0.108
     0.000    -0.083    -0.101    -0.131    -0.115    -0.096     0.005    -0.000    -0.000     0.361
     0.000    -0.081    -0.181    -0.301    -0.083    -0.343    -0.022    -0.001     0.001     0.183
     0.403
     0.000    -0.083    -0.251    -0.681    -0.049    -1.203    -0.036    -0.009     0.012     0.101
     0.386     1.511
     0.000     0.000     0.000     0.000     0.000     0.000     0.000     0.000     0.000     0.000
     0.000     0.000     0.000
     0.000     0.000     0.000     0.000     0.000     0.000     0.000     0.000     0.000     0.000
     0.000     0.000     0.000     0.000
     0.000    -0.308    -0.306    -0.333    -0.160    -0.320    -0.011    -0.004    -0.004     0.044
     0.036     0.027     0.000     0.000     0.350
     0.000    -0.306    -0.751    -1.494    -0.401    -0.853     0.020    -0.004    -0.013     0.059
     0.082     0.077     0.000     0.000     0.428     1.060
     0.000    -0.325    -1.463    -6.593    -0.689    -1.520     0.061     0.003    -0.041     0.085
     0.142     0.139     0.000     0.000     0.566     2.210     8.496
     0.000     0.000     0.000     0.000     0.000     0.000     0.000     0.000     0.000     0.000
     0.000     0.000     0.000     0.000     0.000     0.000     0.000     0.000
     0.000    -0.145    -0.389    -0.662    -1.174    -0.102     0.028    -0.004    -0.005     0.050
     0.027    -0.001     0.000     0.000     0.123     0.315     0.555     0.000     1.069
     0.000    -0.306    -0.757    -1.454    -0.399    -0.930    -0.010    -0.011    -0.013     0.039
     0.054     0.061     0.000     0.000     0.246     0.607     1.194     0.000     0.447     0.902
     0.000    -0.347    -0.928    -1.628    -0.088    -6.556    -0.026    -0.016    -0.053     0.028
     0.124     0.493     0.000     0.000     0.271     0.718     1.248     0.000     0.197     1.179
     6.782
     0.000     0.375
     0.000     0.410     1.032
     0.000     0.473     2.077     9.115
     0.000     0.190     0.493     0.874     1.200
     0.000     0.530     1.472     2.806     0.125    10.490
     0.000     0.019     0.019     0.010    -0.017     0.026    32.506
     0.000     0.002     0.004     0.012     0.003     0.006     2.222     0.447
     0.000     0.001     0.003     0.005     0.003     0.009     0.148     0.053     0.067
     0.000    -0.072    -0.101    -0.143    -0.104    -0.107     0.002    -0.000    -0.000     0.257
     0.000    -0.083    -0.200    -0.364    -0.089    -0.415    -0.019    -0.001     0.001     0.167
     0.412
     0.000    -0.098    -0.314    -0.916    -0.066    -1.446    -0.036    -0.010     0.012     0.116
     0.482     2.012
     0.000     0.000     0.000     0.000     0.000     0.000     0.000     0.000     0.000     0.000
     0.000     0.000     0.000
     0.000     0.000     0.000     0.000     0.000     0.000     0.000     0.000     0.000     0.000
     0.000     0.000     0.000     0.000
     0.000    -0.286    -0.317    -0.380    -0.158    -0.386    -0.010    -0.004    -0.005     0.035
     0.032     0.026     0.000     0.000     0.323
     0.000    -0.316    -0.800    -1.655    -0.390    -1.069     0.015    -0.005    -0.017     0.052
     0.079     0.080     0.000     0.000     0.422     1.084
     0.000    -0.371    -1.624    -7.172    -0.704    -1.977     0.050    -0.001    -0.056     0.080
     0.144     0.153     0.000     0.000     0.592     2.340     9.110
     0.000     0.000     0.000     0.000     0.000     0.000     0.000     0.000     0.000     0.000
     0.000     0.000     0.000     0.000     0.000     0.000     0.000     0.000
     0.000    -0.148    -0.384    -0.689    -0.918    -0.112     0.018    -0.004    -0.006     0.047
     0.030     0.004     0.000     0.000     0.121     0.306     0.565     0.000     0.829
     0.000    -0.326    -0.827    -1.656    -0.386    -1.207    -0.014    -0.012    -0.016     0.036
     0.054     0.065     0.000     0.000     0.259     0.656     1.343     0.000     0.441     1.039
     0.000    -0.432    -1.198    -2.168    -0.073    -9.001    -0.032    -0.021    -0.071     0.024
     0.131     0.471     0.000     0.000     0.336     0.931     1.696     0.000     0.233     1.648
    10.162
     0.000     0.410
     0.000     0.454     1.162
     0.000     0.542     2.337    10.133
     0.000     0.191     0.504     0.886     1.136
     0.000     0.641     1.838     3.506     0.101    15.494
     0.000     0.020     0.021     0.015    -0.013     0.025    22.774
     0.000     0.003     0.006     0.015     0.003     0.011     2.427     0.627
     0.000     0.001     0.004     0.006     0.003     0.017     0.254     0.109     0.124
     0.000    -0.072    -0.108    -0.156    -0.108    -0.114     0.003    -0.000    -0.000     0.289
     0.000    -0.088    -0.224    -0.425    -0.097    -0.487    -0.016    -0.001     0.001     0.174
     0.473
     0.000    -0.108    -0.370    -1.154    -0.076    -1.767    -0.036    -0.013     0.018     0.116
     0.532     2.462
     0.000     0.000     0.000     0.000     0.000     0.000     0.000     0.000     0.000     0.000
     0.000     0.000     0.000
     0.000     0.000     0.000     0.000     0.000     0.000     0.000     0.000     0.000     0.000
     0.000     0.000     0.000     0.000
     0.000    -0.305    -0.342    -0.423    -0.156    -0.453    -0.012    -0.005    -0.006     0.033
     0.029     0.018     0.000     0.000     0.334
     0.000    -0.340    -0.881    -1.824    -0.390    -1.295     0.010    -0.007    -0.023     0.050
     0.076     0.056     0.000     0.000     0.442     1.162
     0.000    -0.409    -1.786    -7.879    -0.699    -2.347     0.048    -0.001    -0.077     0.075
     0.132     0.084     0.000     0.000     0.636     2.542    10.011
     0.000     0.000     0.000     0.000     0.000     0.000     0.000     0.000     0.000     0.000
     0.000     0.000     0.000     0.000     0.000     0.000     0.000     0.000
     0.000    -0.150    -0.394    -0.699    -0.862    -0.106     0.012    -0.006    -0.007     0.048
     0.031     0.001     0.000     0.000     0.121     0.309     0.571     0.000     0.781
     0.000    -0.364    -0.936    -1.859    -0.394    -1.583    -0.020    -0.016    -0.023     0.034
     0.048     0.048     0.000     0.000     0.284     0.735     1.503     0.000     0.482     1.272
     0.000    -0.531    -1.521    -2.699    -0.033   -13.720    -0.042    -0.035    -0.111     0.010
     0.117     0.424     0.000     0.000     0.411     1.176     2.109     0.000     0.291     2.381
    16.458
     0.000     0.437
     0.000     0.467     1.205
     0.000     0.540     2.368    10.461
     0.000     0.203     0.546     0.935     1.346
     0.000     0.638     1.859     3.481     0.051    15.860
     0.000     0.019     0.020     0.016    -0.014     0.026    14.721
     0.000     0.004     0.007     0.017     0.004     0.012     2.182     0.664
     0.000     0.001     0.004     0.004     0.004     0.019     0.319     0.151     0.154
     0.000    -0.080    -0.114    -0.158    -0.119    -0.114     0.004     0.000    -0.000     0.323
     0.000    -0.093    -0.230    -0.420    -0.100    -0.491    -0.014    -0.001     0.001     0.187
     0.495
     0.000    -0.107    -0.365    -1.122    -0.070    -1.792    -0.033    -0.014     0.019     0.119
     0.536     2.435
     0.000     0.000     0.000     0.000     0.000     0.000     0.000     0.000     0.000     0.000
     0.000     0.000     0.000
     0.000     0.000     0.000     0.000     0.000     0.000     0.000     0.000     0.000     0.000
     0.000     0.000     0.000     0.000
     0.000    -0.324    -0.350    -0.416    -0.167    -0.446    -0.012    -0.006    -0.006     0.036
     0.029     0.014     0.000     0.000     0.349
     0.000    -0.348    -0.906    -1.825    -0.420    -1.292     0.007    -0.008    -0.023     0.052
     0.074     0.044     0.000     0.000     0.444     1.169
     0.000    -0.405    -1.791    -8.025    -0.733    -2.266     0.042    -0.001    -0.076     0.073
     0.118     0.033     0.000     0.000     0.615     2.493     9.952
     0.000     0.000     0.000     0.000     0.000     0.000     0.000     0.000     0.000     0.000
     0.000     0.000     0.000     0.000     0.000     0.000     0.000     0.000
     0.000    -0.161    -0.430    -0.746    -1.033    -0.072     0.012    -0.006    -0.008     0.051
     0.029    -0.007     0.000     0.000     0.130     0.336     0.606     0.000     0.955
     0.000    -0.376    -0.978    -1.901    -0.430    -1.616    -0.020    -0.018    -0.024     0.034
     0.044     0.036     0.000     0.000     0.292     0.762     1.524     0.000     0.551     1.389
     0.000    -0.531    -1.546    -2.689     0.011   -14.070    -0.043    -0.039    -0.116     0.006
     0.112     0.432     0.000     0.000     0.408     1.183     2.060     0.000     0.297     2.518
    16.975
     0.000     0.452
     0.000     0.466     1.205
     0.000     0.523     2.333    10.478
     0.000     0.197     0.545     0.922     1.328
     0.000     0.638     1.865     3.443     0.056    15.819
     0.000     0.020     0.020     0.015    -0.013     0.025    14.016
     0.000     0.004     0.007     0.017     0.004     0.012     2.081     0.646
     0.000     0.001     0.004     0.004     0.003     0.019     0.305     0.148     0.155
     0.000    -0.083    -0.116    -0.160    -0.121    -0.115     0.005     0.000    -0.000     0.376
     0.000    -0.094    -0.233    -0.421    -0.101    -0.492    -0.014    -0.001     0.001     0.200
     0.524
     0.000    -0.107    -0.364    -1.117    -0.070    -1.792    -0.032    -0.013     0.019     0.119
     0.533     2.429
     0.000     0.000     0.000     0.000     0.000     0.000     0.000     0.000     0.000     0.000
     0.000     0.000     0.000
     0.000     0.000     0.000     0.000     0.000     0.000     0.000     0.000     0.000     0.000
     0.000     0.000     0.000     0.000
     0.000    -0.335    -0.349    -0.406    -0.165    -0.446    -0.013    -0.006    -0.006     0.039
     0.030     0.015     0.000     0.000     0.358
     0.000    -0.347    -0.907    -1.805    -0.421    -1.296     0.007    -0.008    -0.023     0.055
     0.077     0.046     0.000     0.000     0.443     1.169
     0.000    -0.393    -1.766    -8.045    -0.725    -2.236     0.041    -0.001    -0.076     0.077
     0.122     0.030     0.000     0.000     0.602     2.470     9.969
     0.000     0.000     0.000     0.000     0.000     0.000     0.000     0.000     0.000     0.000
     0.000     0.000     0.000     0.000     0.000     0.000     0.000     0.000
     0.000    -0.157    -0.429    -0.733    -1.013    -0.079     0.012    -0.006    -0.008     0.053
     0.030    -0.006     0.000     0.000     0.128     0.335     0.596     0.000     0.927
     0.000    -0.375    -0.977    -1.867    -0.427    -1.627    -0.020    -0.018    -0.025     0.036
     0.047     0.038     0.000     0.000     0.291     0.760     1.497     0.000     0.542     1.375
     0.000    -0.531    -1.552    -2.653     0.005   -14.041    -0.042    -0.039    -0.116     0.007
     0.115     0.435     0.000     0.000     0.407     1.185     2.030     0.000     0.299     2.518
    16.949
